0.305422 -0.481460
0.329518 -0.467961
0.353614 -0.452479
0.379217 -0.436680
0.404819 -0.418752
0.430422 -0.400369
0.454518 -0.383440
0.484639 -0.364171
0.516265 -0.340422
0.549398 -0.322122
0.582530 -0.303348
0.614157 -0.286263
0.650301 -0.266567
0.677410 -0.244100
0.709036 -0.230281
0.745181 -0.220946
0.782831 -0.206723
0.812952 -0.204306
0.846084 -0.192224
0.876205 -0.182359
0.907831 -0.172417
0.936446 -0.167376
0.969578 -0.157244
1.005723 -0.149521
1.035843 -0.144372
1.067470 -0.141763
1.097590 -0.139133
1.129217 -0.136504
1.168373 -0.131245
1.200000 -0.131245
1.227108 -0.128616
1.254217 -0.128616
1.288855 -0.123273
1.314458 -0.120588
1.343072 -0.117902
